A 451 519 954 615 100 0
A 956 951 615 51 100 0
A 59 166 546 155 100 0
A 545 48 102 201 150 0
A 200 415 654 615 100 0
A 951 62 613 516 100 0
A 874 512 321 12 100 0
A 51 214 410 245 100 0
A 551 541 15 156 100 5
A 591 153 516 516 100 0
A 845 12 346 153 100 0
A 415 621 451 516 100 0
A 51 955 847 150 100 0
A 458 9 569 2 100 0
A 845 15 652 854 100 0
A 984 48 654 481 100 0
A 941 61 648 145 100 0
A 841 84 164 415 100 0
A 94 748 105 411 100 0
A 941 400 946 146 100 0
A 91 400 169 1026 100 0
A 410 520 950 600 150 0
A 952 652 952 952 150 0
A 115 519 16 485 100 0
A 845 91 521 169 100 0
A 844 96 629 981 100 0
A 94 418 949 100 100 0
A 954 952 41 954 100 0
A 941 916 894 65 100 0
A 969 616 951 61 100 0
A 256 523 654 26 100 0
A 55 596 625 26 100 0
A 594 158 629 62 100 0
A 900 200 200 900 100 0
A 200 900 900 200 100 0
A 1200 900 900 0 100 0
A 900 500 900 0 25 0
T 200 200 10
T 955 523 10
T 261 948 10
T 596 954 10